MSS_00.input  10000	135.726	     1.671	     0.042
MSS_01.input  10000	132.579	     1.687	     0.032
MSS_02.input  10000	132.660	     2.021	     0.059
MSS_03.input  10000	143.192	     2.301	     0.048
MSS_04.input  10000	138.651	     2.284	     0.040
MSS_10.input  50000	4150.719	    15.451	     0.186
MSS_11.input  50000	4670.304	    23.688	     0.189
MSS_12.input  50000	3901.318	    10.093	     0.142
MSS_13.input  50000	3704.910	    10.744	     0.144
MSS_14.input  50000	3645.783	    11.782	     0.181
MSS_20.input  100000	15566.264	    23.018	     0.365
MSS_21.input  100000	13443.223	    23.174	     0.263
MSS_22.input  100000	13572.996	    24.419	     0.326
MSS_23.input  100000	13381.465	    32.759	     0.808
MSS_24.input  100000	13966.128	    27.552	     0.300
MSS_30.input  500000	338346.122	   127.741	     4.602
MSS_31.input  500000	335162.878	   102.784	     1.341
MSS_32.input  500000	320459.227	   104.135	     2.517
MSS_33.input  500000	320067.305	    95.201	     2.044
MSS_34.input  500000	328533.844	    99.718	     1.316
MSS_40.input  1000000	1258895.831	   184.904	     2.721
MSS_41.input  1000000	1261523.177	   184.650	     3.196
MSS_42.input  1000000	1260916.161	   195.967	     4.259
MSS_43.input  1000000	1262260.063	   188.957	     2.560
MSS_44.input  1000000	1268575.244	   178.552	     2.541
